1611347
1611400
1612340
1612404
1612480
1613198
1615680
1617433
1617760
1619910
1630000
1633227
1770000
1840000
1890000
2431000
2630000
2695540
7641400
8311030
8410140
8410715
8410864
8411060
8412581
8413320
8413825
8414612
8414692
8414781
8414856
8415191
8415709
8416921
8417134
8417177
8417227
8417874
8417941
8417988
8418009
8418031
8418268
8418606
8418911
8419317
8419528
8419751
8420411
8422301
8423898
8440369
8440466
8441241
8441571
8441841
8442645
8443662
8443970
8444525
8445138
8446121
8446493
8447180
8447241
8447270
8447281
8447355
8447385
8447416
8447495
8447505
8447531
8447685
8447819
8447930
8448157
8448248
8448376
8448558
8448875
8449130
8449383
8450768
8450948
8451301
8451552
8452555
8452660
8452944
8453201
8453465
8453742
8453999
8454049
8454538
8455083
8458022
8459338
8459479
8461392
8461490
8463348
8463827
8464255
8464445
8465705
8466375
8466573
8466791
8467150
8467726
8468609
8510321
8510560
8511171
8511629
8511907
8512451
8512671
8512769
8513388
8513825
8514422
8514779
8515186
8515586
8515921
8516155
8516402
8516607
8516661
8516761
8516881
8516945
8517125
8517201
8517276
8517732
8517811
8517921
8518490
8518621
8518643
8518687
8518699
8518902
8518905
8518934
8518995
8519050
8519436
8519487
8530095
8530278
8530398
8530464
8530528
8530538
8530586
8530645
8530743
8530802
8530985
8531142
8531223
8531262
8531390
8531526
8531592
8531662
8531680
8531753
8531833
8531925
8531991
8532337
8532371
8532591
8532703
8532716
8532786
8532885
8533005
8533055
8533135
8533185
8533345
8533391
8533535
8533542
8533631
8533738
8533862
8533909
8533935
8533982
8534002
8534044
8534049
8534104
8534139
8534209
8534243
8534256
8534319
8534393
8534469
8534540
8534657
8534720
8534770
8534773
8534778
8534780
8534782
8534883
8534885
8535001
8535163
8535309
8535375
8535445
8535530
8535581
8535695
8535805
8535838
8535902
8536021
8536110
8536449
8536551
8536687
8536752
8536780
8536823
8536840
8536849
8536855
8536915
8536935
8537026
8537059
8537101
8537116
8537121
8537201
8537353
8537363
8537380
8537488
8537535
8537589
8537667
8537731
8537774
8537889
8537979
8538086
8538231
8538369
8538438
8538479
8538548
8538568
8538779
8538848
8538875
8538921
8539094
8539494
8539993
8542426
8542885
8543025
8545240
8545534
8548989
8550438
8551201
8551762
8551910
8554501
8555461
8556198
8557380
8557863
8558690
8558788
8559885
8570280
8570283
8570509
8570616
8570691
8571073
8571117
8571214
8571289
8571359
8571421
8571485
8571559
8571616
8571773
8571892
8571979
8572342
8572669
8572955
8573211
8573364
8573903
8573927
8574070
8574459
8574680
8574726
8574848
8574931
8575510
8575550
8576363
8577188
8577330
8578002
8579542
8593005
8593909
8594900
8630249
8630316
8631044
8631591
8632200
8632366
8632869
8633362
8633777
8635027
8635257
8635750
8636128
8636581
8636654
8636941
8637589
8637624
8637689
8637722
8638339
8638421
8638433
8638449
8638464
8638481
8638491
8638610
8638671
8638864
8638866
8638869
8638905
8638923
8638946
8638979
8639207
8639214
8639348
8639428
8639908
8651370
8651538
8652226
8652247
8652547
8652587
8652678
8652905
8653305
8653901
8653960
8654467
8654875
8655353
8656084
8656225
8656451
8656483
8656502
8656518
8656566
8656590
8656841
8657419
8658163
8658559
8658622
8658681
8658741
8659084
8659897
8659942
8659960
8660121
8660148
8660195
8660266
8660642
8660983
8661070
8661119
8661274
8661347
8661437
8661559
8661593
8661609
8661703
8661989
8662006
8662200
8662245
8662405
8662670
8662747
8662796
8662931
8663101
8663381
8663535
8663618
8663757
8663858
8664022
8664442
8664531
8664545
8664589
8664621
8664688
8664782
8664878
8664945
8665002
8665101
8665167
8665257
8665424
8665475
8665495
8665530
8665567
8665599
8665641
8665737
8666017
8666102
8666135
8666217
8666283
8666367
8666467
8666652
8666659
8666749
8666775
8666918
8667062
8667074
8667172
8667199
8667259
8667309
8667425
8667607
8667630
8667676
8667733
8667909
8667982
8668092
8668155
8668227
8668482
8668511
8668619
8668863
8669103
8669167
8669338
8669601
8669801
8670870
8672667
8673171
8674301
8674975
8675623
8676329
8677406
8678322
8679758
8679945
8720001
8720006
8720008
8720012
8720030
8720058
8720084
8720093
8720098
8720135
8720143
8720148
8720186
8720196
8720203
8720213
8720215
8720217
8720218
8720220
8720224
8720226
8720242
8720267
8720274
8720296
8720333
8720374
8720406
8720434
8720496
8720554
8720582
8720596
8720625
8720653
8720692
8720767
8720778
8720805
8720833
8720954
8721120
8721138
8721164
8721222
8721374
8721604
8721649
8721749
8721832
8721894
8722004
8722059
8722125
8722207
8722212
8722219
8722312
8722338
8722366
8722376
8722404
8722429
8722472
8722481
8722486
8722488
8722492
8722496
8722512
8722548
8722588
8722621
8722669
8722670
8722718
8722761
8722802
8722859
8722862
8722937
8722951
8722957
8722971
8722979
8723026
8723044
8723073
8723089
8723165
8723178
8723205
8723214
8723251
8723350
8723372
8723393
8723423
8723453
8723465
8723506
8723519
8723574
8723583
8723644
8723688
8723691
8723693
8723741
8723747
8723769
8723795
8723807
8723812
8723824
8723828
8723851
8723861
8723906
8723918
8723927
8723949
8723962
8723970
8723999
8724032
8724062
8724093
8724098
8724107
8724129
8724139
8724154
8724172
8724178
8724192
8724196
8724201
8724209
8724215
8724226
8724229
8724238
8724243
8724255
8724266
8724276
8724302
8724306
8724311
8724327
8724332
8724347
8724363
8724368
8724373
8724377
8724397
8724409
8724422
8724427
8724436
8724441
8724463
8724485
8724489
8724499
8724507
8724527
8724542
8724571
8724635
8724646
8724697
8724909
8724932
8724948
8724962
8724964
8724970
8724975
8724991
8724996
8725024
8725110
8725171
8725228
8725259
8725271
8725283
8725325
8725346
8725362
8725377
8725393
8725418
8725441
8725488
8725520
8725541
8725649
8725667
8725691
8725745
8725769
8725782
8725809
8725837
8725889
8725916
8725985
8726083
8726159
8726232
8726243
8726249
8726273
8726278
8726347
8726364
8726425
8726430
8726492
8726520
8726533
8726539
8726573
8726575
8726604
8726614
8726639
8726651
8726667
8726685
8726693
8726699
8726711
8726724
8726738
8726742
8726768
8726774
8726809
8726833
8726853
8726899
8726905
8726908
8726924
8726976
8726988
8727001
8727012
8727061
8727097
8727151
8727235
8727274
8727293
8727328
8727336
8727348
8727395
8727433
8727512
8727520
8727577
8727648
8727705
8727809
8727873
8727956
8728130
8728171
8728255
8728261
8728288
8728351
8728366
8728412
8728486
8728548
8728619
8728669
8728690
8728711
8728757
8728853
8728941
8728949
8728958
8728995
8729017
8729039
8729052
8729071
8729084
8729101
8729105
8729108
8729119
8729141
8729152
8729155
8729179
8729192
8729210
8729332
8729364
8729381
8729435
8729501
8729511
8729548
8729567
8729613
8729679
8729702
8729747
8729757
8729793
8729808
8729824
8729840
8729851
8729871
8729889
8729909
8729941
8729949
8729974
8730849
8731439
8732828
8733839
8735180
8735184
8735523
8736897
8737138
8738043
8739803
8740175
8740448
8741041
8741414
8741533
8742205
8742523
8743081
8743281
8743495
8743735
8743838
8744284
8744663
8744756
8745101
8745555
8745799
8746724
8746819
8746943
8747131
8747398
8747437
8747766
8747934
8748005
8748145
8748371
8748568
8760412
8760550
8760595
8760721
8760781
8760849
8760922
8761108
8761198
8761305
8761402
8761426
8761484
8761494
8761534
8761678
8761699
8761724
8761742
8761819
8761899
8761927
8761959
8761993
8762079
8762184
8762231
8762372
8762482
8762525
8762582
8762788
8762928
8763027
8763506
8763986
8764044
8764165
8764227
8764311
8764314
8764632
8765148
8765251
8766072
8767961
8768094
8770475
8770520
8770570
8770597
8770613
8770653
8770743
8770777
8770808
8770822
8771013
8771081
8771341
8771416
8771450
8771486
8771801
8771972
8772440
8772447
8772985
8773146
8773259
8773701
8774230
8774770
8775237
8775244
8775283
8775351
8775792
8775870
8776604
8776775
8777812
8779040
8779571
8779724
8779748
8779751
8779768
8779770
9014070
9014081
9014087
9014091
9014098
9034051
9034057
9044030
9044036
9052000
9052058
9063007
9063010
9063017
9063028
9063038
9063063
9063079
9063087
9063117
9075014
9075035
9075065
9075080
9075099
9076027
9076032
9076050
9076070
9087028
9087044
9087058
9087068
9087077
9087079
9087096
9099016
9099044
9099064
9099090
9410120
9410170
9410230
9410396
9410650
9410680
9410840
9410971
9411270
9411399
9412110
9412802
9413450
9413623
9413643
9413663
9414290
9414317
9414392
9414501
9414509
9414519
9414523
9414537
9414561
9414585
9414609
9414632
9414688
9414746
9414750
9414764
9414768
9414778
9414782
9414794
9414806
9414816
9414819
9414836
9414849
9414863
9414867
9414873
9414881
9414936
9415004
9415020
9415027
9415053
9415064
9415096
9415102
9415111
9415117
9415126
9415144
9415149
9415165
9415187
9415198
9415218
9415229
9415252
9415265
9415287
9415316
9415338
9415352
9415396
9415414
9415423
9415446
9415477
9415479
9415498
9415565
9415623
9416174
9416488
9416841
9418686
9418739
9418778
9418801
9418817
9418983
9419750
9431011
9431647
9432771
9432780
9432879
9433445
9434938
9435308
9435380
9435827
9436381
9437381
9438125
9438772
9439011
9439040
9439099
9439189
9439221
9440372
9440521
9440571
9440574
9440581
9440875
9440910
9441156
9442396
9443090
9443391
9444090
9444900
9445088
9445246
9445296
9445478
9445719
9445938
9446281
9446484
9446500
9446705
9446807
9447110
9447112
9447114
9447130
9447427
9447717
9447773
9448009
9448094
9448558
9448614
9448794
9449211
9449424
9449712
9449808
9449856
9449880
9449932
9449995
9450314
9450460
9450466
9450495
9450551
9450581
9450623
9450651
9450753
9450815
9450913
9450938
9450970
9450982
9450997
9451005
9451037
9451054
9451124
9451204
9451263
9451317
9451346
9451376
9451422
9451438
9451467
9451528
9451625
9451706
9451781
9451805
9451936
9452005
9452046
9452069
9452123
9452141
9452210
9452292
9452318
9452328
9452346
9452377
9452391
9452421
9452437
9452516
9452569
9452611
9452632
9452635
9452682
9453178
9453208
9453215
9453443
9453456
9453472
9454050
9454240
9454329
9454374
9454411
9454511
9454561
9454564
9454642
9454662
9454673
9454691
9454721
9454751
9454757
9454794
9454814
9454825
9454907
9454949
9454952
9455120
9455145
9455151
9455178
9455427
9455437
9455517
9455595
9455653
9455732
9455760
9455768
9455824
9455869
9455914
9455920
9455934
9456173
9456901
9456993
9457258
9457283
9457292
9457391
9457407
9457527
9457634
9457728
9457804
9458293
9458471
9458553
9458762
9458819
9458888
9458917
9458964
9459163
9459450
9459881
9461380
9461710
9462620
9462645
9462676
9462705
9462719
9462723
9462786
9462808
9462948
9462961
9464212
9465261
9465374
9465601
9466057
9466217
9466328
9466931
9468039
9468258
9468333
9468756
9469237
9469338
9469460
9469541
9469751
9469833
9469982
9490424
9491094
9491253
9493300
9494935
9497645
9497649
9498381
9500966
9509990
9635000
9648958
9652734
9654234
9662957
9710441
9712714
9751309
9751364
9751381
9751401
9751467
9751494
9751583
9751639
9751774
9752619
9752962
9753641
9755371
9756639
9758053
9759110
9759197
9759412
9759938
9761115
9952000
9963950